Moves

Rooks
(9923146022150792333, 47, 131063),(7668639886525986227, 47, 131063),(3629133785401589564, 47, 131068),(8706199993787762013, 47, 131067),(4396951879642956839, 47, 131069),(7885189970349236347, 47, 131069),(8990451101724604215, 47, 131061),(16059615410457403175, 47, 131056),
(10712629561810192067, 47, 131068),(14843800520682277201, 47, 131056),(6285520896410588276, 47, 131055),(8270101362211238580, 47, 131067),(8229251433712028980, 47, 131069),(5726635721214408384, 47, 131064),(7471020051712059711, 47, 131060),(17312941723611444032, 47, 131057),
(10715252403639884213, 47, 131062),(11409318459344639724, 47, 131068),(2222750398276542267, 47, 131062),(7753106238748319563, 47, 131056),(6691691767285863855, 47, 131051),(7877962418500077873, 47, 131067),(16993505339122534095, 47, 131067),(4967773378019534508, 47, 131070),
(11963741368578664693, 47, 131066),(13474550921401300912, 47, 131050),(17340298881836925584, 47, 131064),(5411817082414614704, 47, 131053),(8794041926648487619, 47, 131060),(16067264871037795984, 47, 131070),(13910088726049108097, 47, 131070),(17506012352560819798, 47, 131061),
(10864742200142962995, 47, 131063),(12608786547983708161, 47, 131068),(4683822216344260380, 47, 131070),(14021165370022003016, 47, 131061),(12410192527782123140, 47, 131070),(7777158592475981146, 47, 131063),(7346486222795146463, 47, 131060),(17589453255629190735, 47, 131068),
(11590144183714373861, 47, 131067),(3521610362190403860, 47, 131060),(10491928793291436471, 47, 131070),(4408591932620834412, 47, 131070),(13950220737264665292, 47, 131067),(13098831028647604330, 47, 131064),(8831035641484358884, 47, 131058),(10233972736420509612, 47, 131066),
(3716118917611328159, 47, 131068),(4343630920230470798, 47, 131059),(8293045590004304366, 47, 131070),(13644446753367196113, 47, 131055),(351468507416230794, 47, 131070),(13133405702460555318, 47, 131050),(9463629074782913314, 47, 131070),(16725758379878316038, 47, 131054),
(13163919743207779162, 47, 131061),(2801036098447367307, 47, 131070),(544047300546714195, 47, 131058),(491686857891303791, 47, 131056),(6433024462075745127, 47, 131065),(1779621975361617255, 47, 131070),(12515787739068253761, 47, 131068),(11308302871681451565, 47, 131070),

Bishops
(10984437588327355704, 51, 8188),(7006058535829348525, 52, 4044),(14906122406994150172, 49, 32619),(2066184340015723333, 51, 8150),(1035297900335743484, 52, 4091),(16607782446796926046, 51, 8156),(1247444761181602811, 50, 16171),(15870182710494725, 52, 4082),
(4603830292560296292, 49, 32693),(15855686154953055350, 49, 32707),(7251151001245687602, 47, 130314),(16114471141749563029, 51, 8176),(11401233933306946887, 47, 131070),(7195318184353575418, 50, 16367),(1649467647888140695, 48, 65305),(11124515084308147271, 51, 8177),
(11070954177618850525, 53, 2039),(12428895035525312174, 48, 65447),(3141906513735950133, 47, 131021),(1970064370294220711, 47, 131024),(2348266627463219689, 47, 130967),(9653558686444912649, 47, 131026),(3182850852236480546, 48, 65428),(14615239119142771435, 49, 32443),
(10973662793716665623, 53, 2030),(9641991183283297038, 48, 65287),(6334974661080060926, 47, 131048),(13260876134096857530, 47, 131054),(9398778627118995277, 47, 131053),(12206312023251063905, 47, 131070),(2084885181953242666, 47, 129879),(16814179508889275684, 52, 4093),
(16484429464892923043, 52, 4076),(13829589210862379486, 49, 32760),(2596932861749656247, 47, 131040),(6043126200206940745, 47, 131031),(12535698615780334274, 47, 131055),(15886806933826500261, 47, 130966),(1092213874886853380, 50, 16356),(16477038996506879131, 49, 32754),
(10150045531924313354, 51, 8106),(17054948454648592514, 48, 65528),(17345459729335561269, 47, 130834),(13621686841573233274, 47, 131070),(18160237639046435887, 47, 130946),(14602156085682375156, 47, 130968),(12104214529036088946, 49, 32764),(8861481076252219696, 52, 4091),
(11410533049506724456, 51, 8046),(8297625402410663567, 48, 65467),(2373818184025873052, 50, 16343),(15252246013694177531, 47, 130730),(8797671975670280739, 50, 16358),(2976335728957827031, 47, 130861),(18145425317785678925, 49, 32446),(9579073613274333698, 49, 32682),
(11809129073957181761, 48, 65534),(15444082618789063762, 53, 2034),(17793945967432013766, 52, 4090),(13606051810055179660, 51, 8017),(4523306322104149711, 50, 16381),(12569790028625216797, 50, 16350),(15377014312014850010, 51, 8169),(16665806180439125489, 50, 16326),

Captures

Rooks
(56546643604642493, 56, 244),(7134507376615474344, 54, 981),(2946364326916056821, 54, 1000),(15205062162217534630, 54, 1018),(2523081677454774948, 54, 1021),(12445298657593721645, 54, 979),(2958950008698807469, 56, 238),(23710757075684293, 61, 0),
(2625339997580045099, 54, 1003),(11594614599388253128, 53, 2046),(4190570592788873771, 52, 3960),(6122256552706391879, 52, 4087),(13539032810095959399, 52, 4032),(14270885299848598815, 53, 2033),(9429145921533274646, 54, 990),(16664998053183527055, 61, 0),
(607718919513977555, 54, 1017),(12792590298602252103, 53, 2027),(10826820542730494354, 52, 4082),(12745985017043651270, 51, 8045),(1729746214609655469, 52, 4072),(2224375551091640471, 53, 2034),(10466388832896575337, 53, 1954),(10136120922713706594, 61, 0),
(11047849795701033685, 54, 1009),(9810158255024112227, 52, 4045),(11588576161034169998, 51, 8111),(17751819694183041048, 51, 8147),(1372919326055471165, 51, 8065),(1170373167948376568, 52, 4052),(7922338842957438349, 53, 2008),(17579163251929916577, 61, 0),
(4598200861216504527, 54, 1013),(10435209917670137197, 52, 4069),(2915129814845312130, 51, 8076),(6392829981334914787, 51, 8087),(10557120640308054232, 51, 8132),(7766305738168341082, 52, 4052),(3102665422110114235, 53, 2013),(7180861841050759974, 61, 0),
(9683218859825438957, 54, 1009),(4815021329641859740, 53, 2039),(15696970694697356579, 52, 4067),(7218563123929199690, 51, 8111),(5241176539495554743, 51, 8110),(10910403405363345890, 52, 4040),(2631046577720654926, 53, 1965),(14067512873608472055, 61, 0),
(1077615756793334795, 55, 511),(13636816845798970453, 53, 2004),(4583420546385465798, 52, 4046),(17183048410578200149, 52, 4068),(15249325068668061425, 52, 4053),(667847778451559533, 52, 3974),(14637601952207691433, 54, 1020),(827021273375688061, 61, 0),
(3944689276813054637, 56, 255),(5787063475502608695, 55, 506),(12809068198670206263, 54, 1020),(1049398470270400265, 53, 1948),(11807044476578476779, 54, 1014),(17645746884613827609, 54, 991),(11622566335281124255, 56, 254),(11148662941481074390, 61, 0),

Bishops
(6100866611807790832, 60, 12),(15916011889640551498, 59, 28),(10272508614510492856, 59, 30),(5464587781176276748, 58, 57),(12972361736372635162, 58, 51),(16040041387759179725, 59, 26),(4243565518014521611, 60, 12),(4849764465710467260, 61, 0),
(7523983168537173459, 58, 52),(9584034299545001968, 56, 246),(16092791824053584499, 55, 485),(17331836485581792449, 55, 497),(17820465768220468091, 55, 452),(1605442067244725221, 56, 250),(8420614505238479257, 58, 48),(8594929616378954016, 61, 0),
(7477148162484463607, 58, 54),(5599877291031703539, 55, 498),(16116924030965213355, 53, 2027),(10224353545324915283, 53, 2027),(5296740654686013278, 53, 2026),(16035634292489579215, 55, 490),(17719745258138829927, 58, 56),(8557418774734470137, 61, 0),
(11355781531601814595, 58, 50),(15842630158655753176, 55, 507),(13537911877418064937, 52, 4019),(109093344255247599, 51, 8120),(1697699465495515701, 52, 3997),(4440599714142649922, 54, 971),(9920643603303866052, 58, 58),(16140401904794821642, 61, 0),
(4218516195766676489, 58, 60),(13284686524824642788, 55, 496),(621271466280712619, 53, 2045),(15850019994448218367, 52, 4086),(16712048275608847249, 52, 4039),(18367499113401182826, 55, 508),(14184716021237392955, 58, 61),(4983595934475927065, 61, 0),
(1919873858812532424, 58, 59),(6683582292036665390, 56, 252),(14267919733733997393, 53, 2003),(8300658932746723217, 53, 2020),(9892248251890303927, 53, 2005),(8115312631488222304, 55, 502),(6311402143889407571, 58, 53),(11976768001530493515, 61, 0),
(4125662469668832666, 58, 51),(6441289827858547645, 57, 126),(15635507099945664856, 55, 483),(3070404048718752189, 55, 496),(3065027227786242353, 55, 497),(6273383233823154768, 56, 248),(1992051603647449478, 58, 51),(15692121505082142655, 61, 0),
(4667997767740543817, 60, 14),(4110821785373538129, 59, 26),(1553113447605767225, 58, 37),(5457040441023805057, 58, 52),(9369877642307832025, 58, 53),(2346558828028677317, 59, 26),(5045394066637318715, 60, 12),(5805097989651772996, 61, 0),
